1 479.151
2 470.436
3 462.323
4 462.323
5 456.432
6 456.432
7 453.1
8 452.336
9 448.082
10 448.082
11 448.082
12 448.082
13 448.082
14 448.082
15 448.082
16 441.822
17 441.822
18 441.822
19 441.822
20 441.822
21 433.952
22 433.952
23 433.952
24 433.952
25 433.952
26 433.952
27 433.952
28 433.952
29 433.952
30 433.952
31 433.952
32 433.952
33 433.952
34 433.952
35 433.952
36 433.952
37 433.952
38 433.952
39 433.952
40 433.952
41 433.952
42 433.952
43 433.952
44 433.952
45 433.952
46 433.952
47 433.952
48 433.952
49 433.952
50 433.952
51 433.952
52 433.952
53 433.952
54 433.952
55 433.952
56 433.952
57 433.952
58 433.952
59 433.952
60 433.952
61 433.952
62 433.952
63 433.952
64 433.952
65 433.952
66 433.952
67 433.952
68 433.952
69 433.952
70 433.952
71 433.952
72 433.952
73 433.952
74 433.952
75 433.952
76 433.952
77 433.952
78 433.952
79 433.952
80 433.952
81 433.952
82 433.952
83 433.952
84 433.952
85 433.952
86 433.952
87 433.952
88 433.952
89 433.952
90 433.952
91 433.952
92 433.952
93 433.952
94 433.952
95 433.952
96 433.952
97 433.952
98 433.952
99 433.952
100 433.952
101 433.952
102 433.952
103 433.952
104 433.952
105 433.952
106 433.952
107 433.952
108 433.952
109 433.952
110 433.952
111 433.952
112 433.952
113 433.952
114 433.952
115 433.952
116 433.952
117 433.952
118 433.952
119 433.952
120 433.952
121 433.952
122 433.952
123 433.952
124 433.952
125 433.952
126 433.952
127 433.952
128 433.952
129 433.952
130 433.952
131 433.952
132 433.952
133 433.952
134 433.952
135 433.952
136 433.952
137 433.952
138 433.952
139 433.952
140 433.952
141 433.952
142 433.952
143 433.952
144 433.952
145 433.952
146 433.952
147 433.952
148 433.952
149 433.952
150 433.952
151 433.952
152 433.952
153 433.952
154 433.952
155 433.952
156 433.952
157 433.952
158 433.952
159 433.952
160 433.952
161 433.952
162 433.952
163 433.952
164 433.952
165 433.952
166 433.952
167 433.952
168 433.952
169 433.952
170 433.952
171 433.952
172 433.952
173 433.952
174 433.952
175 433.952
176 433.952
177 433.952
178 433.952
179 433.952
180 433.952
181 433.952
182 433.952
183 433.952
184 433.952
185 433.952
186 433.952
187 433.952
188 433.952
189 433.952
190 433.952
191 433.952
192 433.952
193 433.952
194 433.952
195 433.952
196 433.952
197 433.952
198 433.952
199 433.952
200 433.952
201 433.952
202 433.952
203 433.952
204 433.952
205 433.952
206 433.952
207 433.952
208 433.952
209 433.952
210 433.952
211 433.952
212 431.372
213 431.372
214 431.372
215 431.372
216 431.372
217 431.372
218 431.372
219 431.372
220 431.372
221 431.372
222 431.372
223 431.372
224 431.372
225 431.372
226 431.372
227 431.372
228 431.372
229 431.372
230 431.372
231 431.372
232 431.372
233 431.372
234 431.372
235 431.372
236 431.372
237 431.372
238 431.372
239 431.372
240 431.372
241 431.372
242 431.372
243 431.372
244 431.372
245 431.372
246 431.372
247 431.372
248 431.372
249 431.372
250 431.372
251 431.372
252 431.372
253 431.372
254 431.372
255 431.372
256 431.372
257 431.372
258 431.372
259 431.372
260 431.372
261 431.372
262 431.372
263 431.372
264 431.372
265 431.372
266 431.372
267 431.372
268 431.372
269 431.372
270 431.372
271 431.372
272 431.372
273 431.372
274 431.372
275 431.372
276 431.372
277 431.372
278 431.372
279 431.372
280 431.372
281 431.372
282 431.372
283 431.372
284 431.372
285 431.372
286 431.372
287 431.372
288 431.372
289 431.372
290 431.372
291 431.372
292 431.372
293 431.372
294 431.372
295 431.372
296 431.372
297 431.372
298 431.372
299 431.372
300 431.372
301 431.372
302 431.372
303 431.372
304 431.372
305 431.372
306 431.372
307 431.372
308 431.372
309 431.372
310 431.372
311 431.372
312 431.372
313 431.372
314 431.372
315 431.372
316 431.372
317 431.372
318 431.372
319 431.372
320 431.372
321 431.372
322 431.372
323 431.372
324 431.372
325 431.372
326 431.372
327 431.372
328 431.372
329 431.372
330 431.372
331 431.372
332 431.372
333 431.372
334 431.372
335 431.372
336 431.372
337 431.372
338 431.372
339 431.372
340 431.372
341 431.372
342 431.372
343 431.372
344 431.372
345 431.372
346 431.372
347 431.372
348 431.372
349 431.372
350 431.372
351 431.372
352 431.372
353 431.372
354 431.372
355 431.372
356 431.372
357 431.372
358 431.372
359 431.372
360 431.372
361 431.372
362 431.372
363 431.372
364 431.372
365 431.372
366 431.372
367 431.372
368 431.372
369 431.372
370 431.372
371 431.372
372 431.372
373 431.372
374 431.372
375 431.372
376 431.372
377 431.372
378 431.372
379 431.372
380 431.372
381 431.372
382 431.372
383 431.372
384 431.372
385 431.372
386 431.372
387 431.372
388 431.372
389 431.372
390 431.372
391 431.372
392 431.372
393 431.372
394 431.372
395 431.372
396 431.372
397 431.372
398 431.372
399 431.372
400 431.372
401 431.372
402 431.372
403 431.372
404 431.372
405 431.372
406 431.372
407 431.372
408 431.372
409 431.372
410 431.372
411 431.372
412 431.372
413 431.372
414 431.372
415 431.372
416 431.372
417 431.372
418 431.372
419 431.372
420 431.372
421 431.372
422 431.372
423 431.372
424 431.372
425 431.372
426 431.372
427 431.372
428 431.372
429 431.372
430 431.372
431 431.372
432 431.372
433 431.372
434 431.372
435 431.372
436 431.372
437 431.372
438 431.372
439 431.372
440 431.372
441 431.372
442 431.372
443 431.372
444 431.372
445 431.372
446 431.372
447 431.372
448 431.372
449 431.372
450 431.372
451 431.372
452 431.372
453 431.372
454 431.372
455 431.372
456 431.372
457 431.372
458 431.372
459 431.372
460 431.372
461 431.372
462 431.372
463 431.372
464 431.372
465 431.372
466 431.372
467 431.372
468 431.372
469 431.372
470 431.372
471 431.372
472 431.372
473 431.372
474 431.372
475 431.372
476 431.372
477 431.372
478 431.372
479 431.372
480 431.372
481 431.372
482 431.372
483 431.372
484 431.372
485 431.372
486 431.372
487 431.372
488 431.372
489 431.372
490 431.372
491 431.372
492 431.372
493 431.372
494 431.372
495 431.372
496 431.372
497 431.372
498 431.372
499 431.372
500 431.372
501 431.372
502 431.372
503 431.372
504 431.372
505 431.372
506 431.372
507 431.372
508 431.372
509 431.372
510 431.372
511 431.372
512 431.372
513 431.372
514 431.372
515 431.372
516 431.372
517 431.372
518 431.372
519 431.372
520 431.372
521 431.372
522 431.372
523 431.372
524 431.372
525 431.372
526 431.372
527 431.372
528 431.372
529 431.372
530 431.372
531 431.372
532 431.372
533 431.372
534 431.372
535 431.372
536 431.372
537 431.372
538 431.372
539 431.372
540 431.372
541 431.372
542 431.372
543 431.372
544 431.372
545 431.372
546 431.372
547 431.372
548 431.372
549 431.372
550 431.372
551 431.372
552 431.372
553 431.372
554 431.372
555 431.372
556 431.372
557 431.372
558 431.372
559 431.372
560 431.372
561 431.372
562 431.372
563 431.372
564 431.372
565 431.372
566 431.372
567 431.372
568 431.372
569 431.372
570 431.372
571 431.372
572 431.372
573 431.372
574 431.372
575 431.372
576 431.372
577 431.372
578 431.372
579 431.372
580 431.372
581 431.372
582 431.372
583 431.372
584 431.372
585 431.372
586 431.372
587 431.372
588 431.372
589 431.372
590 431.372
591 431.372
592 431.372
593 431.372
594 431.372
595 431.372
596 431.372
597 431.372
598 431.372
599 431.372
600 431.372
601 431.372
602 431.372
603 431.372
604 431.372
605 431.372
606 431.372
607 431.372
608 431.372
609 431.372
610 431.372
611 431.372
612 431.372
613 431.372
614 431.372
615 431.372
616 431.372
617 431.372
618 431.372
619 431.372
620 431.372
621 431.372
622 431.372
623 431.372
624 431.372
625 431.372
626 431.372
627 431.372
628 431.372
629 431.372
630 431.372
631 431.372
632 431.372
633 431.372
634 431.372
635 431.372
636 431.372
637 431.372
638 431.372
639 431.372
640 431.372
641 431.372
642 431.372
643 431.372
644 431.372
645 431.372
646 431.372
647 431.372
648 431.372
649 431.372
650 431.372
651 431.372
652 431.372
653 431.372
654 431.372
655 431.372
656 431.372
657 431.372
658 431.372
659 431.372
660 431.372
661 431.372
662 431.372
663 431.372
664 431.372
665 431.372
666 431.372
667 431.372
668 431.372
669 431.372
670 431.372
671 431.372
672 431.372
673 431.372
674 431.372
675 431.372
676 431.372
677 431.372
678 431.372
679 431.372
680 431.372
681 431.372
682 431.372
683 431.372
684 431.372
685 431.372
686 431.372
687 431.372
688 431.372
689 431.372
690 431.372
691 431.372
692 431.372
693 431.372
694 431.372
695 431.372
696 431.372
697 431.372
698 431.372
699 431.372
700 431.372
701 431.372
702 431.372
703 431.372
704 431.372
705 431.372
706 431.372
707 431.372
708 431.372
709 431.372
710 431.372
711 431.372
712 431.372
713 431.372
714 431.372
715 431.372
716 431.372
717 431.372
718 431.372
719 431.372
720 431.372
721 431.372
722 431.372
723 431.372
724 431.372
725 431.372
726 431.372
727 431.372
728 431.372
729 431.372
730 431.372
731 431.372
732 431.372
733 431.372
734 431.372
735 431.372
736 431.372
737 431.372
738 431.372
739 431.372
740 431.372
741 431.372
742 431.372
743 431.372
744 431.372
745 431.372
746 431.372
747 431.372
748 431.372
749 431.372
750 431.372
751 431.372
752 431.372
753 431.372
754 431.372
755 431.372
756 431.372
757 431.372
758 431.372
759 431.372
760 431.372
761 431.372
762 431.372
763 431.372
764 431.372
765 431.372
766 431.372
767 431.372
768 431.372
769 431.372
770 431.372
771 431.372
772 431.372
773 431.372
774 431.372
775 431.372
776 431.372
777 431.372
778 431.372
779 431.372
780 431.372
781 431.372
782 431.372
783 431.372
784 431.372
785 431.372
786 431.372
787 431.372
788 431.372
789 431.372
790 431.372
791 431.372
792 431.372
793 431.372
794 431.372
795 431.372
796 431.372
797 431.372
798 431.372
799 431.372
800 431.372
801 431.372
802 431.372
803 431.372
804 431.372
805 431.372
806 431.372
807 431.372
808 431.372
809 431.372
810 431.372
811 431.372
812 431.372
813 431.372
814 431.372
815 431.372
816 431.372
817 431.372
818 431.372
819 431.372
820 431.372
821 431.372
822 431.372
823 431.372
824 431.372
825 431.372
826 431.372
827 431.372
828 431.372
829 431.372
830 431.372
831 431.372
832 431.372
833 431.372
834 431.372
835 431.372
836 431.372
837 431.372
838 431.372
839 431.372
840 431.372
841 431.372
842 431.372
843 431.372
844 431.372
845 431.372
846 431.372
847 431.372
848 431.372
849 431.372
850 431.372
851 431.372
852 431.372
853 431.372
854 431.372
855 431.372
856 431.372
857 431.372
858 431.372
859 431.372
860 431.372
861 431.372
862 431.372
863 431.372
864 431.372
865 431.372
866 431.372
867 431.372
868 431.372
869 431.372
870 431.372
871 431.372
872 431.372
873 431.372
874 431.372
875 431.372
876 431.372
877 431.372
878 431.372
879 431.372
880 431.372
881 431.372
882 431.372
883 431.372
884 431.372
885 431.372
886 431.372
887 431.372
888 431.372
889 431.372
890 431.372
891 431.372
892 431.372
893 431.372
894 431.372
895 431.372
896 431.372
897 431.372
898 431.372
899 431.372
900 431.372
901 431.372
902 431.372
903 431.372
904 431.372
905 431.372
906 431.372
907 431.372
908 431.372
909 431.372
910 431.372
911 431.372
912 431.372
913 431.372
914 431.372
915 431.372
916 431.372
917 431.372
918 431.372
919 431.372
920 431.372
921 431.372
922 431.372
923 431.372
924 431.372
925 431.372
926 431.372
927 431.372
928 431.372
929 431.372
930 431.372
931 431.372
932 431.372
933 431.372
934 431.372
935 431.372
936 431.372
937 431.372
938 431.372
939 431.372
940 431.372
941 431.372
942 431.372
943 431.372
944 431.372
945 431.372
946 431.372
947 431.372
948 431.372
949 431.372
950 431.372
951 431.372
952 431.372
953 431.372
954 431.372
955 431.372
956 431.372
957 431.372
958 431.372
959 431.372
960 431.372
961 431.372
962 431.372
963 431.372
964 431.372
965 431.372
966 431.372
967 431.372
968 431.372
969 431.372
970 431.372
971 431.372
972 431.372
973 431.372
974 431.372
975 431.372
976 431.372
977 431.372
978 431.372
979 431.372
980 431.372
981 431.372
982 431.372
983 431.372
984 431.372
985 431.372
986 431.372
987 431.372
988 431.372
989 431.372
990 431.372
991 431.372
992 431.372
993 431.372
994 431.372
995 431.372
996 431.372
997 431.372
998 431.372
999 431.372
